-----> Execute command on default-ubuntu-1404.
         File: ‘/var/www/html/index.html’
         Size: 59        	Blocks: 8          IO Block: 4096   regular file
       Device: 801h/2049d	Inode: 395085      Links: 1
       Access: (0644/-rw-r--r--)  Uid: (  999/web_admin)   Gid: ( 1004/web_admin)
       Access: 2017-03-14 02:45:01.121389111 +0000
       Modify: 2017-03-14 02:44:58.245414810 +0000
       Change: 2017-03-14 02:44:58.281414488 +0000
        Birth: -