-----> Execute command on default-centos-72.
         File: '/var/www/html/index.html'
         Size: 59        	Blocks: 8          IO Block: 4096   regular file
       Device: 802h/2050d	Inode: 68049263    Links: 1
       Access: (0644/-rw-r--r--)  Uid: (  994/web_admin)   Gid: ( 1001/web_admin)
       Context: unconfined_u:object_r:httpd_sys_content_t:s0
       Access: 2017-03-14 02:18:28.721319481 +0000
       Modify: 2017-03-14 02:18:25.994414015 +0000
       Change: 2017-03-14 02:18:26.000424828 +0000
        Birth: -