-----> Execute command on default-centos-7.
         File: '/var/www/html/index.html'
         Size: 59        	Blocks: 8          IO Block: 4096   regular file
       Device: 801h/2049d	Inode: 34202179    Links: 1
       Access: (0644/-rw-r--r--)  Uid: (  997/web_admin)   Gid: ( 1003/web_admin)
       Context: unconfined_u:object_r:httpd_sys_content_t:s0
       Access: 2017-03-14 02:22:36.570799879 +0000
       Modify: 2017-03-14 02:22:33.854723754 +0000
       Change: 2017-03-14 02:22:33.858723867 +0000
        Birth: -