-----> Execute command on default-ubuntu-1404.
         File: ‘/var/www/html/index.html’
         Size: 59        	Blocks: 8          IO Block: 4096   regular file
       Device: 801h/2049d	Inode: 396432      Links: 1
       Access: (0644/-rw-r--r--)  Uid: (  999/web_admin)   Gid: ( 1001/web_admin)
       Access: 2017-03-14 02:41:11.455330100 +0000
       Modify: 2017-03-14 02:41:08.723330100 +0000
       Change: 2017-03-14 02:41:08.775330100 +0000
        Birth: -